chr21,666828,710377,I,10,43549,5,5
chr21,4008845,4029066,D,1,20221,0,1
chr21,5753247,5839641,I,8,86394,4,4
chr21,5877845,5971919,I,8,94074,8,0
chr21,6445379,6517500,I,9,72121,8,1
chr21,7712782,7833103,D,1,120321,0,1
chr21,8206398,8290385,D,0,83987,0,0
chr21,9730669,9823273,D,0,92604,0,0
chr21,9949145,10059380,I,10,110235,4,6
chr21,10798882,10895815,I,5,96933,2,3
chr21,11947923,12063734,I,10,115811,9,1
chr21,13248023,13313587,I,5,65564,4,1
chr21,13540726,13625067,I,3,84341,3,0
chr21,14611968,14737023,I,9,125055,5,4
chr21,15309775,15414611,I,9,104836,9,0
chr21,15516469,15555503,I,6,39034,4,2
chr21,16982520,17007600,D,0,25080,0,0
chr21,18323460,18330320,D,1,6860,1,0
chr21,18989075,19080869,I,10,91794,1,9
chr21,19247204,19258597,D,1,11393,0,1
chr21,20733825,20782200,D,1,48375,0,1
chr21,21144260,21232933,I,8,88673,4,4
chr21,21592021,21610282,I,10,18261,0,10
chr21,21861875,21919152,I,8,57277,5,3
chr21,22112648,22183708,D,0,71060,0,0
chr21,22611982,22644357,I,5,32375,3,2
chr21,24278915,24377994,I,7,99079,5,2
chr21,24724245,24840762,I,9,116517,6,3
chr21,27521535,27593650,I,8,72115,3,5
chr21,28390805,28412591,I,9,21786,3,6
chr21,29253801,29321373,I,6,67572,5,1
chr21,31029360,31116367,I,8,87007,0,8
chr21,31539219,31636099,I,7,96880,0,7
chr21,32971261,33062266,D,0,91005,0,0
chr21,34918382,34952082,D,1,33700,1,0
chr21,36899994,36936359,I,5,36365,2,3
chr21,37364523,37512787,I,3,148264,1,2
chr21,37391459,37522785,I,10,131326,4,6
chr21,38288608,38388423,I,3,99815,1,2
chr21,38544040,38648907,I,8,104867,2,6
chr21,38657570,38720959,I,5,63389,4,1
chr21,38816447,38931709,I,4,115262,0,4
chr21,40289546,40308661,I,9,19115,0,9
chr21,41348062,41495053,I,8,146991,5,3
chr21,41680990,41794841,I,4,113851,3,1
chr21,42492089,42553033,D,1,60944,0,1
chr21,44015901,44129969,D,0,114068,0,0
chr21,44594454,44601192,I,10,6738,0,10
chr21,45055659,45141815,D,1,86156,0,1
chr21,45783782,45796343,I,7,12561,2,5
